<?xml version="1.0" encoding="UTF-8" standalone="no"?><kml xmlns="http://earth.google.com/kml/2.2"><Document><name>Bachiniva.kml</name>
<Style id="ttkStyle"><IconStyle><scale>0.6</scale>
<color>FF0000FF</color>
<Icon><href>http://maps.google.com/mapfiles/kml/shapes/placemark_square.png</href>
</Icon>
</IconStyle>
<LabelStyle><scale>0.6</scale>
<color>FFFFFFFF</color>
</LabelStyle>
<BalloonStyle><text>$[description]</text>
</BalloonStyle>
<LineStyle><color>FF00A933</color>
<width>1</width>
</LineStyle>
<PolyStyle><color>5078BEF0</color>
<fill>1</fill>
</PolyStyle>
</Style>
<Placemark><name>08006</name>
<description></description>
<styleUrl>#ttkStyle</styleUrl>
<Polygon><outerBoundaryIs><LinearRing><coordinates>-107.26765716383,29.0596521816227,0 -107.273806947408,29.0471736383755,0 -107.271755882452,29.0462215529857,0 -107.269570348059,29.0456977588862,0 -107.26848178285,29.0451918063326,0 -107.268180684673,29.0442916094204,0 -107.267999290963,29.0435670814699,0 -107.267738097907,29.0425421173317,0 -107.267623578331,29.0405919642109,0 -107.267441791358,29.0398690348426,0 -107.267794565486,29.0383478596629,0 -107.266919571196,29.0353424842463,0 -107.26652778659,29.0332743977988,0 -107.264529973316,29.0321975513887,0 -107.262054669372,29.0284311954681,0 -107.261807196454,29.0242836639925,0 -107.261156544161,29.0231395288283,0 -107.260513565452,29.022605447619,0 -107.259205670984,29.0199906949639,0 -107.258298602894,29.0182592017513,0 -107.25690773459,29.017479847288,0 -107.256165234984,29.0163574279516,0 -107.254153671348,29.016225558544,0 -107.253162853677,29.0155380402248,0 -107.252056943264,29.0142498667541,0 -107.25118311703,29.014159984258,0 -107.250654148492,29.0143917837108,0 -107.249216973052,29.0142382693341,0 -107.247622651847,29.0146035432428,0 -107.246455180127,29.0143749285188,0 -107.245550804162,29.0141741427066,0 -107.244677469094,29.0140570506103,0 -107.243471782685,29.0139453137872,0 -107.241824222833,29.0134708976289,0 -107.240750314371,29.0134767960083,0 -107.239948335446,29.0137760910311,0 -107.2394451223,29.0141002847652,0 -107.238628689502,29.0137302635855,0 -107.23761211558,29.0136544406696,0 -107.236574707233,29.0128511289793,0 -107.235694002425,29.0125742538121,0 -107.23479317243,29.0122194448724,0 -107.233699120487,29.0121501709004,0 -107.232566769475,29.0117577729484,0 -107.231580339319,29.0118059015388,0 -107.230995410652,29.0115103264098,0 -107.230138301,29.011266785969,0 -107.229525761898,29.0107675658336,0 -107.229115346513,29.0097768287459,0 -107.228865554834,29.0088664596005,0 -107.227707115142,29.0081981624329,0 -107.226990562296,29.0076337152186,0 -107.226513374726,29.0071716058275,0 -107.226332450452,29.0062602870877,0 -107.225215259948,29.0058762104616,0 -107.22530374258,29.0052764647582,0 -107.224551096025,29.0050873904866,0 -107.224008917274,29.0045078486437,0 -107.223328196703,29.0033791191122,0 -107.222398813218,29.0024417866328,0 -107.222497507357,29.0018678287562,0 -107.221721605625,29.0019339396052,0 -107.221487115274,29.0017502640116,0 -107.221154092693,29.0018166929414,0 -107.219954297184,29.0021779539853,0 -107.219777782304,29.00181524971,0 -107.219674502138,29.0013851601244,0 -107.219693605573,29.0008757039225,0 -107.219900317531,29.0005811442189,0 -107.219635454573,29.0003258191682,0 -107.219676783914,28.9999287919604,0 -107.219704705333,28.9994195852662,0 -107.219365707468,28.9987549699439,0 -107.218726645325,28.9988075833308,0 -107.218333626523,28.9988790004447,0 -107.217915526569,28.9989036996494,0 -107.217586285552,28.9987387639303,0 -107.217634460618,28.9984011337726,0 -107.217616405379,28.9981404211909,0 -107.217436344122,28.9979995981441,0 -107.217140551839,28.9979578259218,0 -107.216837668181,28.9980079206301,0 -107.216619212652,28.9981512873145,0 -107.216367617435,28.9981896331365,0 -107.216058213391,28.9981948289943,0 -107.215804916445,28.9981348873749,0 -107.21562854279,28.9980604693045,0 -107.215420394677,28.9977844266518,0 -107.21519673801,28.9975920134062,0 -107.215320634481,28.9971252407664,0 -107.215390243698,28.9967630480376,0 -107.215190404545,28.9964951832721,0 -107.21510818065,28.9962229547228,0 -107.215176172279,28.9958755190696,0 -107.215105549078,28.9957098551598,0 -107.214376931481,28.9955652431545,0 -107.214277499803,28.9953453580836,0 -107.214293329531,28.9950767974733,0 -107.214321051598,28.9948788022767,0 -107.214132808164,28.9945269515018,0 -107.214065728546,28.994261747458,0 -107.214033004683,28.9940517344391,0 -107.214058325759,28.9938891138249,0 -107.214171845357,28.9936411547311,0 -107.214240354642,28.9930907535115,0 -107.214047191106,28.9929426863618,0 -107.213901533821,28.9927968346543,0 -107.213779703978,28.9925694449055,0 -107.213788813783,28.9922392197865,0 -107.213949303635,28.9918330522112,0 -107.213762729034,28.9916267559891,0 -107.213463474639,28.9914165033558,0 -107.213129145104,28.9913539224391,0 -107.212941359298,28.9911386680706,0 -107.212680062272,28.9911103589786,0 -107.212441402107,28.9908946953755,0 -107.212350593127,28.9905319414683,0 -107.212308575379,28.9901078818744,0 -107.211973939059,28.9899408717785,0 -107.211762504385,28.9896312018493,0 -107.211805295854,28.9892423685783,0 -107.211621134449,28.9888914475771,0 -107.21132542272,28.9885178992183,0 -107.211141639446,28.9882451736058,0 -107.211012931265,28.9879497742402,0 -107.210706380323,28.987579699112,0 -107.210481095155,28.9870368139327,0 -107.210195162932,28.9864995547049,0 -107.209466556288,28.9863741505318,0 -107.208872444034,28.9861848819802,0 -107.208677456667,28.9857944389803,0 -107.208007801227,28.9856476793587,0 -107.207834824791,28.9850125681581,0 -107.208604149882,28.9848787009812,0 -107.20832679213,28.9840242705945,0 -107.208213522899,28.983764376564,0 -107.207911893318,28.9836053716427,0 -107.207791545691,28.9834057857853,0 -107.207659922268,28.9832297108025,0 -107.207410956309,28.9830707676884,0 -107.207269377335,28.9827498345185,0 -107.207316209336,28.9822363930867,0 -107.207045733223,28.9818656003751,0 -107.206757512581,28.9815501546298,0 -107.206716183377,28.9811739757139,0 -107.206394533688,28.9808822451078,0 -107.205715923036,28.9807079595314,0 -107.204895705863,28.980933944129,0 -107.204564240177,28.9808973662957,0 -107.204307938441,28.9802655119969,0 -107.204364020915,28.9801135797598,0 -107.204772132741,28.980010715599,0 -107.20470219314,28.9795785231947,0 -107.204282785727,28.9792943031719,0 -107.20378029872,28.978948339442,0 -107.203387141983,28.9784493124522,0 -107.203114322847,28.9780617037372,0 -107.202708767089,28.9775629427681,0 -107.202373983586,28.976823100399,0 -107.2024411955,28.9760174086335,0 -107.202694402512,28.9753919726206,0 -107.203377269516,28.9748252354826,0 -107.203603169185,28.9742976747261,0 -107.203343295046,28.9737087835462,0 -107.202731395942,28.9738581228006,0 -107.202057569738,28.9737207507146,0 -107.201681642286,28.9735543253975,0 -107.201301693552,28.973656393531,0 -107.20104027572,28.974148185804,0 -107.200683136315,28.9741820654115,0 -107.200363236536,28.9738774620125,0 -107.20033729771,28.973248679702,0 -107.199985235877,28.9726253906462,0 -107.199412663643,28.9713271172976,0 -107.199207902604,28.9699527136168,0 -107.199966892437,28.9688247662396,0 -107.200051638081,28.9680514710643,0 -107.200263244879,28.9653518570404,0 -107.200850867511,28.9645439856884,0 -107.20098083139,28.9633664858177,0 -107.201552194204,28.9628903541426,0 -107.201894601184,28.9624825854612,0 -107.202080270427,28.9619271748708,0 -107.202242343743,28.9614364221909,0 -107.202227624916,28.9613913204136,0 -107.202231764164,28.9610541660609,0 -107.202514759629,28.9604920143752,0 -107.202673674489,28.9599104378781,0 -107.202688836765,28.9589832774383,0 -107.202464009205,28.9579498855848,0 -107.202698608271,28.9574067234713,0 -107.202551765715,28.9565020455721,0 -107.202458741043,28.9556018233896,0 -107.202122918769,28.9544919281758,0 -107.201806873346,28.9536239840333,0 -107.201722644483,28.9527432150302,0 -107.201824715576,28.9522855226932,0 -107.201887043637,28.9517189838723,0 -107.202057295283,28.9511770113504,0 -107.202403709476,28.9503725502244,0 -107.202125600877,28.9502168969182,0 -107.201920026242,28.9503671621216,0 -107.201714822339,28.9505258775426,0 -107.201366707878,28.950633845242,0 -107.201137463073,28.9505935632374,0 -107.201021381351,28.9504069076767,0 -107.201334293076,28.9497492923125,0 -107.201231104478,28.949330145004,0 -107.20016130674,28.9488033082281,0 -107.198853622251,28.9488935180033,0 -107.19835733674,28.9489093475889,0 -107.198202374449,28.9491688753372,0 -107.198057985396,28.9495792469195,0 -107.197801021387,28.9499458473145,0 -107.197317223189,28.9499954175973,0 -107.196941442439,28.949836723951,0 -107.196494516662,28.9489523755204,0 -107.196228598302,28.9469553983158,0 -107.196615139366,28.9461997488467,0 -107.196747191778,28.9451459575451,0 -107.196657931694,28.9447185593806,0 -107.196309245438,28.9443037694237,0 -107.195972840558,28.9442426742571,0 -107.195339565289,28.9432998308958,0 -107.195590774522,28.9423952932984,0 -107.196509300815,28.9413358179477,0 -107.196683390731,28.9404342220477,0 -107.196012910668,28.9394950937974,0 -107.196191689191,28.9387173550023,0 -107.196413691225,28.9382706698937,0 -107.196779156128,28.9377645111999,0 -107.1968470166,28.9372161833817,0 -107.196682653861,28.9367944357335,0 -107.196499811459,28.9364725693258,0 -107.196432595647,28.9359274775356,0 -107.196410656983,28.9348119297257,0 -107.188999014793,28.9339877938912,0 -107.189900830352,28.9292678126462,0 -107.189328070329,28.9289763326638,0 -107.18853022172,28.9283734861258,0 -107.187785921933,28.9278236406086,0 -107.186560900916,28.9267269779116,0 -107.185616784055,28.9266680758937,0 -107.184300453607,28.9261762753897,0 -107.183648736554,28.9257397884995,0 -107.183151640519,28.9251592184522,0 -107.182796454394,28.9247387284581,0 -107.182311809723,28.9240012888416,0 -107.181695487702,28.9232399674454,0 -107.181654131682,28.922367836207,0 -107.181640861432,28.9213814324601,0 -107.181375847887,28.9202142319461,0 -107.181295775254,28.9195388327935,0 -107.181357534034,28.9187089093295,0 -107.181340670086,28.9175688870403,0 -107.181261954723,28.9167292855375,0 -107.180943737779,28.9159667257899,0 -107.180182697141,28.9156376707087,0 -107.179107910134,28.9154469570332,0 -107.177687170708,28.9152382113841,0 -107.176400051347,28.9150140558694,0 -107.175656501584,28.9148135503684,0 -107.174952636832,28.914155380079,0 -107.174410028595,28.9142554244896,0 -107.173994904546,28.9140616975425,0 -107.173506406944,28.9141767393869,0 -107.172813237955,28.9141249527259,0 -107.17158677228,28.9134821377421,0 -107.170048880627,28.9131718676138,0 -107.168327075336,28.9124341826803,0 -107.166877118248,28.9120925459338,0 -107.165822201399,28.9115563101014,0 -107.165091961285,28.9110904342165,0 -107.163754253858,28.9109504669848,0 -107.163000807054,28.9105893870603,0 -107.162320147889,28.9105274659411,0 -107.16077204576,28.9094035958715,0 -107.159546248868,28.9090171139849,0 -107.157986271884,28.908363225413,0 -107.154934464804,28.9069734279054,0 -107.151826279246,28.9035846738252,0 -107.150836654963,28.9028409959505,0 -107.150428998884,28.9025213593582,0 -107.149283319972,28.902610101324,0 -107.148135558589,28.9025737537675,0 -107.147304236933,28.9025410737,0 -107.146668327327,28.9029008991922,0 -107.146339891702,28.9027277994144,0 -107.146156748719,28.9026112808324,0 -107.145803046431,28.9026297802332,0 -107.145575205864,28.9026023601418,0 -107.145258480231,28.902693742455,0 -107.145073242132,28.9028384889419,0 -107.144940607413,28.9029547172582,0 -107.144713484627,28.90297177713,0 -107.144617998411,28.9029077854931,0 -107.144583884505,28.9028067466906,0 -107.1443923778,28.9027290418693,0 -107.14442983703,28.902603144821,0 -107.144549252473,28.9023529577585,0 -107.144404659359,28.9018847495939,0 -107.144303410055,28.9017014211144,0 -107.143350771689,28.9019161800642,0 -107.143023455568,28.9015403538327,0 -107.14271031696,28.9010779914004,0 -107.142097279706,28.9005080257286,0 -107.141901088792,28.9000110079037,0 -107.142254407636,28.8997016093388,0 -107.142317948955,28.8995490867362,0 -107.142339646946,28.8993030960969,0 -107.142149437821,28.8990084429473,0 -107.142736429164,28.8983652720386,0 -107.139644154163,28.89603523767,0 -107.140027661757,28.895614082749,0 -107.139959226496,28.8952586117932,0 -107.139659736383,28.8947477259033,0 -107.139412875698,28.8941992448205,0 -107.139242707492,28.8937726075092,0 -107.138966520379,28.8931290366048,0 -107.138388080055,28.8922775444418,0 -107.138140217645,28.8920065296259,0 -107.137672652945,28.8917180359054,0 -107.137133872174,28.8913451515787,0 -107.136452289158,28.8904995585353,0 -107.136725260916,28.889215754902,0 -107.136470082378,28.8884228457717,0 -107.135087351872,28.8869841183,0 -107.133688856556,28.8856553600006,0 -107.134760465336,28.8848341428931,0 -107.13144994124,28.8822996524836,0 -107.126958205118,28.8785098117981,0 -107.126416280946,28.8781848825021,0 -107.125913835793,28.8775358896505,0 -107.125513261102,28.8773269038856,0 -107.123793174335,28.8756574467499,0 -107.122324343333,28.875440032721,0 -107.120575441339,28.8754950266144,0 -107.11982755038,28.8748854383204,0 -107.119096700216,28.8742897309788,0 -107.118295426988,28.8739063801491,0 -107.117474346848,28.8730333938417,0 -107.116879035815,28.8728575398607,0 -107.115957639608,28.8728487606665,0 -107.115280143933,28.8731267508929,0 -107.114794729162,28.8729708494395,0 -107.114647022729,28.872086078666,0 -107.114293128687,28.8714719315823,0 -107.114513876528,28.8708957329258,0 -107.114618961373,28.870291260676,0 -107.114898761584,28.8698653872234,0 -107.115289864363,28.8695829809558,0 -107.115268862076,28.8689308421444,0 -107.114984518329,28.8674320793197,0 -107.114268738889,28.8668425901339,0 -107.113796603188,28.8665445950548,0 -107.113692498216,28.8662154359816,0 -107.113679847431,28.8654751487545,0 -107.113560147147,28.8652497478847,0 -107.113660663566,28.8650017244532,0 -107.11386639176,28.8647383055832,0 -107.113700213445,28.8640394145934,0 -107.113598785938,28.8634595383039,0 -107.11346137961,28.8627884642201,0 -107.113403082747,28.8622210763483,0 -107.113176013901,28.8615554904053,0 -107.112735355952,28.8608337211079,0 -107.112641144089,28.8605009702907,0 -107.112436008584,28.8600836305001,0 -107.11251760051,28.8595263690844,0 -107.112608869843,28.8592079851751,0 -107.112791023425,28.8583650069232,0 -107.112776690651,28.8580112134633,0 -107.112602317886,28.8574437736916,0 -107.112402711602,28.857005992106,0 -107.112307006609,28.8566817051266,0 -107.112270825501,28.8563178452607,0 -107.112230469117,28.855800059072,0 -107.112273025602,28.8556406048463,0 -107.112510324303,28.8556475449668,0 -107.112764915301,28.8557320866776,0 -107.112954658938,28.8555793496282,0 -107.113090298443,28.8553453622842,0 -107.113274101679,28.8550460497076,0 -107.113291517502,28.8548574751128,0 -107.113064218357,28.8546226979892,0 -107.112797896649,28.8543588016654,0 -107.112433255327,28.8541039634196,0 -107.112352932937,28.8538868893143,0 -107.112326858862,28.8536011167113,0 -107.112447257861,28.8532688183587,0 -107.112733295334,28.8531922963733,0 -107.112704265361,28.8529676407475,0 -107.112466315778,28.8526255169635,0 -107.11222543717,28.8520099261615,0 -107.112415355956,28.8518897679015,0 -107.112707788445,28.8508066169762,0 -107.113245989999,28.8500922592349,0 -107.113263297457,28.8500777782683,0 -107.113461554887,28.8495318320078,0 -107.111599570948,28.8488550420857,0 -107.112830492283,28.8464260634924,0 -107.108958095558,28.8449182284403,0 -107.110281232674,28.8422941962753,0 -107.112797926631,28.8372948969283,0 -107.108946212683,28.835772744024,0 -107.107415884907,28.8291693799102,0 -107.110000298532,28.8240995396888,0 -107.112531288012,28.8190723421196,0 -107.11432567828,28.8154146646132,0 -107.117494124601,28.8154020180092,0 -107.117818889783,28.8154007109981,0 -107.118957538689,28.8153961371745,0 -107.128159853588,28.815358902251,0 -107.133170364625,28.8153383490682,0 -107.136085858298,28.8113058443312,0 -107.138671913288,28.8077287044314,0 -107.14055812614,28.807646395651,0 -107.145686311906,28.8074224903789,0 -107.150781777142,28.80719981547,0 -107.16145787203,28.8067326436537,0 -107.165172001995,28.8065699297311,0 -107.169806259394,28.8063667524674,0 -107.173725152025,28.8061948075466,0 -107.180670894648,28.8058897959219,0 -107.182913040197,28.8057912489064,0 -107.185808075139,28.8056639603923,0 -107.187092510976,28.8056074738555,0 -107.188057626386,28.8028603221508,0 -107.188209992513,28.8024266400649,0 -107.188726277354,28.8009569786817,0 -107.190893156468,28.7947884187597,0 -107.192177564652,28.7911316767886,0 -107.188510631429,28.7865021955444,0 -107.188618700121,28.7848958759409,0 -107.188708615166,28.7835593614682,0 -107.187132570085,28.7832870508318,0 -107.182656527273,28.7831185171363,0 -107.178292988883,28.7830508719176,0 -107.16549105807,28.7617522723484,0 -107.163110522073,28.7584236805229,0 -107.162693581709,28.7577879282636,0 -107.161880920191,28.757423062885,0 -107.161941353506,28.7570238297421,0 -107.162094626168,28.7565449760943,0 -107.162201730265,28.7561867546867,0 -107.162414763,28.7555576223292,0 -107.162702205625,28.7546853866351,0 -107.163001551522,28.7538052949149,0 -107.163353168451,28.7526479971492,0 -107.164249413178,28.7502552385825,0 -107.164696106552,28.7489478501703,0 -107.165183539086,28.7473508112975,0 -107.165557791519,28.7460667756577,0 -107.166084039573,28.7443287716634,0 -107.166309936014,28.7428481032214,0 -107.166586972774,28.740848012123,0 -107.166662446532,28.7400358814711,0 -107.16708605331,28.739612641079,0 -107.167443564872,28.7394013337552,0 -107.167784411137,28.7392467307033,0 -107.168237066443,28.7390795916345,0 -107.168861238046,28.7388620696391,0 -107.169451961156,28.7388253266632,0 -107.170239020073,28.738967325353,0 -107.17058926004,28.7391534146481,0 -107.171089657859,28.7396716200712,0 -107.171678111023,28.740009940123,0 -107.17209007772,28.7404331312595,0 -107.172761829921,28.7412572687076,0 -107.173548546007,28.7423655691065,0 -107.173842943416,28.743162437161,0 -107.174111349048,28.7435703050443,0 -107.17485277582,28.7437738326376,0 -107.175508878325,28.743855253378,0 -107.176104956804,28.7437812023226,0 -107.17682605374,28.7437031739105,0 -107.177698092407,28.7438170582184,0 -107.178300807664,28.7436089858897,0 -107.178739998176,28.7433565542465,0 -107.178792488022,28.7433160833569,0 -107.17908883642,28.7422495978716,0 -107.179292537451,28.7413096800116,0 -107.179841755952,28.7404477899666,0 -107.180090543548,28.739631868014,0 -107.180098109788,28.7392630676677,0 -107.180360646358,28.7386732780155,0 -107.180479174971,28.7382197192843,0 -107.180497663886,28.7377583748086,0 -107.180526795855,28.7372739947085,0 -107.205767502475,28.7077577814047,0 -107.195312834167,28.7045791416518,0 -107.195656211743,28.6968541794742,0 -107.197413666373,28.697202543948,0 -107.198334171719,28.6941393229464,0 -107.198378627784,28.6891816621917,0 -107.204431596807,28.6776132250089,0 -107.219420803269,28.6708857727855,0 -107.216564857747,28.6630697859795,0 -107.221626395049,28.634321246022,0 -107.227407392173,28.6329467619699,0 -107.245062064313,28.6283827606288,0 -107.25791770794,28.6251617624729,0 -107.268291948114,28.6448825441385,0 -107.280721072228,28.6461905859178,0 -107.281037870933,28.649629484867,0 -107.27038045938,28.6481837404665,0 -107.270115546625,28.6483239111564,0 -107.269833336002,28.6484975366887,0 -107.269679268922,28.6486094405672,0 -107.269516897025,28.6487462940626,0 -107.269347414206,28.6488969745732,0 -107.269278568401,28.6489621554575,0 -107.269130588187,28.6490760323446,0 -107.268979801782,28.649197156891,0 -107.268921673,28.6497051543613,0 -107.268860390385,28.6503505688535,0 -107.269215682811,28.6507162245498,0 -107.26972008904,28.6510326691639,0 -107.270221266986,28.6512715669215,0 -107.27088116672,28.65166431596,0 -107.271325237193,28.6519926458394,0 -107.271758027217,28.6523748251338,0 -107.272140660643,28.6526573146613,0 -107.27266521995,28.6530185294924,0 -107.2729980627,28.6534538508577,0 -107.273476411927,28.6542570541339,0 -107.273896891458,28.6552154055896,0 -107.274462801689,28.6557391196875,0 -107.275930613541,28.6573127887809,0 -107.276180198362,28.6579108428556,0 -107.276614444008,28.6581484363586,0 -107.277573716066,28.6583079597816,0 -107.278366210365,28.6587601946286,0 -107.27874470646,28.6592986992648,0 -107.279214982042,28.6598539429278,0 -107.279375802648,28.660328977415,0 -107.279684936405,28.6606946042013,0 -107.28015150099,28.6609716313081,0 -107.280401252078,28.6612541089015,0 -107.280451807008,28.6620271333327,0 -107.280683650341,28.6626315778226,0 -107.280787963786,28.6636712434827,0 -107.281307438797,28.6649097896041,0 -107.281270875788,28.6656242851314,0 -107.281184552699,28.6667602798356,0 -107.281534276595,28.667108659018,0 -107.282234648193,28.667325718097,0 -107.282881397396,28.667957226672,0 -107.283131698491,28.6687282551727,0 -107.283643238618,28.6692441056711,0 -107.284499561572,28.6695284136259,0 -107.285527732147,28.6702878409861,0 -107.286397331146,28.6704573758521,0 -107.286935650657,28.6709280509718,0 -107.287719501835,28.6714390554792,0 -107.288439283329,28.6719204145695,0 -107.289253504709,28.6722812350668,0 -107.290373180567,28.6725049244561,0 -107.290992957027,28.6724668116728,0 -107.29164740579,28.672405141361,0 -107.292496991365,28.6725766253056,0 -107.293260827564,28.6727767785262,0 -107.293927733295,28.6729802125705,0 -107.294623891741,28.6734284428171,0 -107.295310683163,28.6738688319987,0 -107.296007664219,28.6742544445633,0 -107.296754881037,28.6744769623205,0 -107.297359408617,28.6745080492278,0 -107.2976881926,28.6744632917318,0 -107.297872148831,28.6743802737239,0 -107.298141151255,28.6742394704879,0 -107.298379634947,28.6741578048416,0 -107.298555013415,28.6740557866514,0 -107.298759733199,28.6740009575857,0 -107.298955052618,28.673908611914,0 -107.299297727282,28.6738836808067,0 -107.299534809018,28.6738733817731,0 -107.29980401643,28.6739343178911,0 -107.300048646813,28.6739391249837,0 -107.300305208802,28.6738873622664,0 -107.300607549613,28.6738991974166,0 -107.300774337776,28.6739100337323,0 -107.301007489421,28.6740078759959,0 -107.301215520282,28.6743206019817,0 -107.301438739887,28.6746584774568,0 -107.301643906571,28.6749999368176,0 -107.302073075991,28.675455982685,0 -107.302597019384,28.6759279332573,0 -107.302972462655,28.6764038584822,0 -107.303088100703,28.6768247057634,0 -107.303561027744,28.6771821770754,0 -107.304225868851,28.677569317602,0 -107.304864315774,28.6778347176335,0 -107.305595376137,28.6785138222565,0 -107.306106959664,28.678932281698,0 -107.306786765663,28.6792546648104,0 -107.307502388839,28.6798244392359,0 -107.307938201791,28.6800376397076,0 -107.308219843678,28.6802624051398,0 -107.30847563903,28.6803196037632,0 -107.308716945727,28.680244923219,0 -107.308860048149,28.6800398687533,0 -107.308936444261,28.6798518292215,0 -107.309102930933,28.6798018558986,0 -107.309286923143,28.6798927171059,0 -107.30953649014,28.6801950255596,0 -107.310018105896,28.6807491274491,0 -107.310859694283,28.6752227441838,0 -107.325144648348,28.6758477626568,0 -107.316602681968,28.6980439029161,0 -107.312853950658,28.709585116068,0 -107.31129646107,28.7126422424042,0 -107.320361180792,28.7192023541321,0 -107.321799290144,28.7202429934706,0 -107.33583188061,28.7120171985432,0 -107.336258189418,28.712387458427,0 -107.336652179816,28.7129653185309,0 -107.337493146357,28.7133427334405,0 -107.337633919176,28.7135507905428,0 -107.339679525831,28.7140132462198,0 -107.340699052292,28.7141503860121,0 -107.341298292577,28.714487250729,0 -107.341824890008,28.7150379555898,0 -107.342970855212,28.7157366371828,0 -107.343187572135,28.7157188865771,0 -107.343733854515,28.7164398877021,0 -107.344405731065,28.7160616737066,0 -107.344971666919,28.7163728559659,0 -107.346000073226,28.7163870933121,0 -107.346371838935,28.7161846502723,0 -107.346664992062,28.7154822272286,0 -107.346865251927,28.7151070147917,0 -107.347265064222,28.7148454708008,0 -107.348457982803,28.7140335209801,0 -107.350146415367,28.7143234298821,0 -107.352297936443,28.715122320489,0 -107.353188025549,28.7149082362377,0 -107.353855615762,28.7147227586244,0 -107.355270154315,28.7135056562102,0 -107.355887912998,28.7134655982691,0 -107.356366530541,28.7138158130229,0 -107.357934925544,28.7148357825112,0 -107.359057616744,28.7150119498086,0 -107.359644180076,28.7152735093044,0 -107.360853408403,28.7153243810901,0 -107.361242613758,28.7154427008986,0 -107.361645875678,28.7157920451086,0 -107.362288119907,28.7166351155493,0 -107.36241152334,28.7174989281492,0 -107.3628952294,28.7188694067085,0 -107.363399354578,28.7197067557569,0 -107.364975024794,28.7217665794624,0 -107.365707361501,28.7218975295224,0 -107.36585370707,28.721413704686,0 -107.365970592835,28.7210905229356,0 -107.366267422416,28.7207307361398,0 -107.366815610648,28.7209551973502,0 -107.367519533133,28.7222736279278,0 -107.367457466785,28.7230204985561,0 -107.367734815699,28.723455765817,0 -107.368330049324,28.7238231963342,0 -107.368571734526,28.7240727931091,0 -107.368825686478,28.7243350580202,0 -107.36935649606,28.7245626884047,0 -107.370094738901,28.724612598384,0 -107.3708077469,28.7246391767874,0 -107.371041456134,28.7249625957424,0 -107.371353778097,28.7254596065575,0 -107.372314336963,28.7262943743777,0 -107.373469087839,28.7270845993618,0 -107.375431695981,28.7280841695501,0 -107.375693667126,28.7286422842667,0 -107.376358400055,28.7290743539482,0 -107.377356658803,28.7294816707024,0 -107.378103320084,28.7294556150865,0 -107.378714631146,28.7295984605437,0 -107.378679480517,28.7302762832032,0 -107.378055710541,28.7307641996794,0 -107.377640712105,28.731427399816,0 -107.376548308233,28.7319353417183,0 -107.375879051996,28.7328084388107,0 -107.375229862119,28.7333148090704,0 -107.374586541644,28.7338355997089,0 -107.374477013754,28.7349416279226,0 -107.375081327208,28.7357892919615,0 -107.375352345849,28.7367934551375,0 -107.374906902991,28.7377908669516,0 -107.374580551904,28.7403365398173,0 -107.374300269846,28.741634422043,0 -107.374388261712,28.7429361883854,0 -107.374815624639,28.7456655170012,0 -107.3754841085,28.7466183777433,0 -107.376021801949,28.7469777839888,0 -107.376482754067,28.7474222396164,0 -107.377232469523,28.7477274882761,0 -107.377822367094,28.7474251018108,0 -107.378594834965,28.7476352998633,0 -107.379258792651,28.7478137231557,0 -107.379738093812,28.7481619323887,0 -107.379869064112,28.7490122598277,0 -107.379991605269,28.7493779704822,0 -107.380019437624,28.749672855926,0 -107.380123281625,28.7502532604809,0 -107.38021268557,28.7507677447062,0 -107.380219659691,28.7511577167629,0 -107.380107133051,28.7514583366155,0 -107.380165005168,28.7516854523359,0 -107.380516986073,28.7518010573805,0 -107.381078895021,28.7521448287774,0 -107.38181537368,28.7523146519135,0 -107.382294830508,28.7523072309412,0 -107.383221370601,28.7522106264115,0 -107.383602873958,28.7525664011432,0 -107.383723090927,28.7529308216464,0 -107.383860305072,28.7536213278428,0 -107.384266451426,28.7557836352494,0 -107.38412660607,28.7561973043383,0 -107.384238766228,28.7564477262547,0 -107.38474705322,28.7568516726014,0 -107.385167449362,28.7570583612556,0 -107.385528593467,28.7574002918466,0 -107.385823054553,28.7578935462242,0 -107.386604616104,28.7583065813664,0 -107.38728792785,28.7586993316158,0 -107.387761017832,28.7593982773417,0 -107.388218675338,28.7596878496271,0 -107.388816266659,28.7602501688166,0 -107.388946897893,28.7611247549877,0 -107.389150347296,28.7619395611976,0 -107.389693779428,28.7632836545398,0 -107.390405396772,28.7638682659859,0 -107.391408498141,28.7641269863758,0 -107.39172316579,28.7647217967716,0 -107.392175371828,28.7652212990978,0 -107.392910317434,28.7653169078235,0 -107.393450742644,28.7650853907965,0 -107.393783683979,28.7647325959785,0 -107.394338317261,28.7642316106065,0 -107.394742091754,28.7641304494122,0 -107.395306652896,28.7641835343217,0 -107.395804930007,28.7642781323961,0 -107.396239050233,28.7642100775272,0 -107.39684187451,28.7640470180381,0 -107.397483376986,28.7639505029052,0 -107.397861687336,28.7640080955538,0 -107.398804628808,28.7645523572147,0 -107.399542124812,28.7649956896356,0 -107.400235281131,28.7655530005318,0 -107.400859867757,28.765657537229,0 -107.401367454414,28.766245805175,0 -107.402241142686,28.766638369488,0 -107.403162508728,28.7666294328291,0 -107.403527171956,28.7662028395311,0 -107.404343517815,28.7662445552271,0 -107.404887881105,28.7662195173494,0 -107.405542890218,28.7660099840009,0 -107.406379495673,28.7660871995275,0 -107.40694429506,28.7660220034433,0 -107.407425409526,28.7657956526755,0 -107.407849612702,28.7654161781376,0 -107.408206820207,28.7650663314043,0 -107.408654720522,28.7647720381982,0 -107.409529920429,28.7644395430261,0 -107.410138034014,28.7642083998257,0 -107.410704643063,28.7641425884186,0 -107.41143704136,28.7643538049301,0 -107.41218903302,28.7645217062723,0 -107.412933075267,28.7645925696837,0 -107.413449659555,28.7644919441424,0 -107.413927134287,28.7645764228228,0 -107.414125683234,28.7649095156081,0 -107.414430889432,28.7650692092797,0 -107.414960554458,28.7652070361889,0 -107.415538462338,28.7654784283135,0 -107.416425215207,28.7656149825899,0 -107.417575439006,28.7656597168511,0 -107.418277992399,28.7658079069309,0 -107.418815989288,28.7662747731829,0 -107.418916694622,28.7668240694171,0 -107.418798616554,28.7674108750225,0 -107.41906464099,28.7676403174729,0 -107.4195544881,28.7676036628462,0 -107.42011916198,28.7675078084733,0 -107.420592175268,28.7679193192281,0 -107.421172650298,28.7682169415062,0 -107.421977897598,28.7682865056599,0 -107.422695135767,28.7682796598586,0 -107.423377858459,28.7685981267378,0 -107.423967329047,28.7693276328399,0 -107.42482012006,28.7698243822538,0 -107.425570869246,28.7707040134286,0 -107.426083612312,28.7713690472496,0 -107.42672590174,28.7716306264531,0 -107.427182852823,28.7724002799577,0 -107.427659777641,28.772761740045,0 -107.428155297885,28.773627032817,0 -107.428907360506,28.7738447156136,0 -107.429556641852,28.7740978844128,0 -107.429939254713,28.7745686183395,0 -107.430484307268,28.7752106018898,0 -107.430925430562,28.7759013025757,0 -107.431516811507,28.7763934375812,0 -107.432243578951,28.7766787591943,0 -107.432848837776,28.7773621535093,0 -107.433439425724,28.7777990454942,0 -107.433929082602,28.778203903442,0 -107.434395487876,28.7786831980355,0 -107.434955187613,28.7791426471854,0 -107.435643791015,28.7797560419844,0 -107.43626176568,28.7803127283428,0 -107.436349472748,28.7810104952149,0 -107.43603508009,28.7817790151289,0 -107.435880554651,28.782829184767,0 -107.436432019253,28.7838007349068,0 -107.437204347624,28.7840584395543,0 -107.438109783108,28.7840389020609,0 -107.438282636925,28.785029554939,0 -107.438674725367,28.7854914386446,0 -107.439554855902,28.7861397643866,0 -107.440212038093,28.7865408359655,0 -107.440848293991,28.7868207369274,0 -107.441442826611,28.7867515931896,0 -107.441635897963,28.7869943466762,0 -107.441868870591,28.7877815100693,0 -107.441957185208,28.7882277861361,0 -107.442262799994,28.7884452612864,0 -107.442661546029,28.7884946358329,0 -107.443106715831,28.7884836682005,0 -107.443691180914,28.7888609592455,0 -107.444015004804,28.7890535901816,0 -107.444315981885,28.7895101285722,0 -107.444634701388,28.7899216773229,0 -107.445220294921,28.790212800258,0 -107.44566720477,28.7907048785788,0 -107.44611277428,28.7911657958394,0 -107.446545983651,28.7911072426018,0 -107.446949812779,28.7912366737497,0 -107.44731290436,28.7913236429503,0 -107.448007879019,28.7916161819006,0 -107.447893695267,28.791791042347,0 -107.447650268253,28.7918732469647,0 -107.447241072393,28.7920152961796,0 -107.447333990707,28.7923478866304,0 -107.447068043113,28.7926733277345,0 -107.446863219269,28.7929479373923,0 -107.44597844304,28.7933095840446,0 -107.445758778683,28.7941270835757,0 -107.44562009416,28.7948754965189,0 -107.445259175985,28.7956409976906,0 -107.445163476366,28.7961884397233,0 -107.444721384963,28.7968575415078,0 -107.4444208883,28.7972528030466,0 -107.444130643704,28.7977931555717,0 -107.443049381349,28.7985114913637,0 -107.442165906659,28.7987160418329,0 -107.440945910495,28.7984250427733,0 -107.440257376294,28.7982119918629,0 -107.43910258928,28.7982517945155,0 -107.43836913878,28.7980777047412,0 -107.43777000505,28.798095915377,0 -107.43742276934,28.7983198608777,0 -107.436984492631,28.7983806701007,0 -107.436676548851,28.7982986334924,0 -107.43557223368,28.7984924668291,0 -107.43502914508,28.7985567714236,0 -107.434555702016,28.7987756844574,0 -107.434115464038,28.7987903851102,0 -107.433781412321,28.798605436758,0 -107.432689385498,28.7985540898607,0 -107.4321353077,28.7986311248226,0 -107.431752042028,28.7992604147283,0 -107.431484076773,28.8001412769753,0 -107.431474253939,28.8008680515973,0 -107.431311844107,28.8014281107012,0 -107.431320068257,28.8020568961505,0 -107.431027720926,28.8024805053436,0 -107.431091443144,28.8029632530241,0 -107.431216218561,28.803360039434,0 -107.431327899813,28.8035936022005,0 -107.43149832794,28.8040851057385,0 -107.431611132531,28.8042764713949,0 -107.432071734072,28.8045300210389,0 -107.431971848228,28.8052632312933,0 -107.431833561278,28.8058901323124,0 -107.431727048851,28.8063258804395,0 -107.431501492309,28.8067043883739,0 -107.431594985923,28.8071739592226,0 -107.431762591935,28.8076625406998,0 -107.43160945472,28.8088682380138,0 -107.431682067559,28.8097956873559,0 -107.431977769661,28.8105023661562,0 -107.43227983729,28.8108976276356,0 -107.43259471095,28.8114029225932,0 -107.43271523182,28.8119559449029,0 -107.433401564787,28.8125620462672,0 -107.434172651287,28.8131931648277,0 -107.434784677869,28.8137279096187,0 -107.435332031841,28.8142930276641,0 -107.435581846781,28.8147223832715,0 -107.435929145474,28.8153767097474,0 -107.436343372237,28.8160486944485,0 -107.436943194746,28.8165051285022,0 -107.437458398954,28.816738023395,0 -107.437828692225,28.8171657196208,0 -107.438002492717,28.817578136517,0 -107.438178784138,28.8180606731513,0 -107.438472652605,28.8184926280568,0 -107.43879296629,28.8188611935486,0 -107.439178087537,28.8192610635092,0 -107.439311727033,28.8194682426549,0 -107.439713195388,28.8195485631468,0 -107.440320435639,28.8195370310346,0 -107.441040852738,28.8201249081442,0 -107.440980361008,28.8206234923959,0 -107.440867710473,28.8210202840754,0 -107.440488939546,28.8215782698273,0 -107.440001059384,28.8217393341333,0 -107.439620442919,28.8219228714188,0 -107.43921772086,28.8221741609621,0 -107.438885502572,28.8223716744954,0 -107.438891359554,28.822674425022,0 -107.438984053333,28.8229823834802,0 -107.438888482386,28.8231726239262,0 -107.438553828315,28.8233659464266,0 -107.43789529762,28.8235376470484,0 -107.437346238403,28.8239498933863,0 -107.436693281724,28.8242852108214,0 -107.434597519892,28.8239027236702,0 -107.433488980592,28.8241547531851,0 -107.433132119532,28.8248905999984,0 -107.432484745559,28.8252068210351,0 -107.431896669156,28.8252031321807,0 -107.431400164193,28.8250989884074,0 -107.431044585448,28.8252756605966,0 -107.431046694716,28.8254226337055,0 -107.430961506328,28.8259306857846,0 -107.430650920909,28.8264710094119,0 -107.430025899418,28.827029967301,0 -107.429445297482,28.8275475141236,0 -107.428841799981,28.827864668587,0 -107.428754852575,28.8283141091643,0 -107.428662972731,28.8286494888259,0 -107.428284920416,28.8289217106284,0 -107.427853002472,28.8290399590765,0 -107.427315141574,28.8288917434381,0 -107.426927662518,28.8288612249988,0 -107.426345597576,28.8291421360178,0 -107.425374912519,28.8292282951883,0 -107.424769153152,28.8293012414236,0 -107.424678863481,28.8297468862232,0 -107.42458568252,28.8301252637423,0 -107.424417872573,28.8308044201828,0 -107.424460787286,28.8312937265202,0 -107.424521373806,28.8316860752459,0 -107.424754396529,28.8322087523492,0 -107.424872252046,28.8324934081584,0 -107.424925629017,28.8327214931744,0 -107.424991316046,28.833033449188,0 -107.425018348486,28.833347666704,0 -107.425622582444,28.8341382130039,0 -107.425894600306,28.8343692230978,0 -107.426523147113,28.8350417054997,0 -107.426990907105,28.835693213616,0 -107.427431953479,28.8363451448331,0 -107.427873974539,28.8370441285596,0 -107.428396642776,28.8377653586133,0 -107.428788593866,28.8386452464836,0 -107.429215658846,28.8390411926088,0 -107.42966879324,28.8393865599152,0 -107.430085476077,28.839869868119,0 -107.430863043613,28.8398687860152,0 -107.431140444736,28.8402320894709,0 -107.432244432261,28.8408670106028,0 -107.432284200531,28.8414582180754,0 -107.432262371366,28.841950619916,0 -107.432210285813,28.8424062179773,0 -107.432691314173,28.8430664009846,0 -107.433367858147,28.8438897009053,0 -107.433572482056,28.8443244779501,0 -107.433392596088,28.8446700987751,0 -107.433090675011,28.844824035268,0 -107.433093535042,28.8451567874794,0 -107.433250287104,28.8453331037183,0 -107.433357787017,28.8459649379961,0 -107.432750906538,28.8467920714104,0 -107.432236794131,28.8470170119737,0 -107.431840308764,28.8475582808798,0 -107.431351942392,28.8478852649537,0 -107.431333982295,28.8486635272075,0 -107.431726925857,28.8485902405128,0 -107.431829424222,28.848887813612,0 -107.43188037925,28.8492837852185,0 -107.432322562225,28.8497540963161,0 -107.432206250058,28.850092906866,0 -107.431946282422,28.8501658267852,0 -107.431591845051,28.8504218078727,0 -107.431507912841,28.8508996770819,0 -107.431780098608,28.8515004790105,0 -107.432082461505,28.8521255406623,0 -107.432498746244,28.8527506664269,0 -107.432549665383,28.8531593121531,0 -107.432667219961,28.8537299992375,0 -107.433101116608,28.8543284136284,0 -107.433420275374,28.8553667689605,0 -107.433819001194,28.855862897916,0 -107.433953177732,28.8564744689558,0 -107.433830582899,28.8575543984767,0 -107.434228789177,28.8580788211893,0 -107.433837843888,28.8589691973461,0 -107.4343432542,28.8595270185846,0 -107.433886366263,28.8608908044264,0 -107.434314410889,28.8613490554159,0 -107.435121873271,28.8620049215064,0 -107.435715305243,28.8626464724016,0 -107.43625832526,28.8628503251517,0 -107.437122159871,28.8635299051845,0 -107.438041342582,28.8642131962929,0 -107.438068650517,28.864694167276,0 -107.438500284586,28.8654482544124,0 -107.438881107015,28.8663828220092,0 -107.439105427151,28.8670354647662,0 -107.439256563024,28.8672814971639,0 -107.43931953248,28.867561661599,0 -107.439342976884,28.8677597943721,0 -107.439394610288,28.8679574175957,0 -107.439381277697,28.8683220356097,0 -107.439238749627,28.8684571868226,0 -107.439151210805,28.8688116726023,0 -107.439219831743,28.8693777305716,0 -107.439178084051,28.869706998725,0 -107.439347392432,28.8700292274237,0 -107.439576900954,28.8702036143393,0 -107.439935262891,28.8703959146204,0 -107.440284717964,28.8705324861219,0 -107.440587612238,28.8707474673085,0 -107.440857637594,28.8709251194537,0 -107.441098292719,28.8711788799506,0 -107.441245763844,28.8715281300444,0 -107.440955747019,28.8724384205404,0 -107.441196642102,28.8728696785112,0 -107.441712349228,28.8730141753606,0 -107.442501236152,28.8731868389766,0 -107.443192561314,28.8735682222906,0 -107.443658295914,28.8739659697049,0 -107.44412513054,28.8743891189332,0 -107.444114556209,28.8750944715111,0 -107.444060899061,28.8758274282959,0 -107.443954290026,28.876517096931,0 -107.444040041157,28.8774655033584,0 -107.44409577277,28.8783065643991,0 -107.44427677423,28.8785636619326,0 -107.444410988913,28.8789525651681,0 -107.444625176627,28.8793938078268,0 -107.445125410074,28.880129283693,0 -107.445573767304,28.8802233932327,0 -107.445851847282,28.8804187023628,0 -107.445835695454,28.8808995865026,0 -107.446796556113,28.8823249013471,0 -107.447301622345,28.8848111441501,0 -107.447838807115,28.8863551554032,0 -107.44805965625,28.8866393559959,0 -107.447550830816,28.886931292635,0 -107.446863476445,28.8868209899977,0 -107.446462609907,28.8865682137025,0 -107.442155724558,28.8831461174858,0 -107.441877266522,28.8816737251706,0 -107.441585530719,28.8814827789639,0 -107.441105010176,28.8814253496779,0 -107.441030711574,28.8814184558105,0 -107.44034356665,28.8843485392025,0 -107.439958559965,28.8859902087801,0 -107.440469203708,28.8879795248359,0 -107.44219522654,28.8931687667935,0 -107.443066132646,28.895786861741,0 -107.443908282633,28.8983184159078,0 -107.444501132807,28.9001004295225,0 -107.445059280376,28.9017780902617,0 -107.445581468146,28.9033476099555,0 -107.446548911553,28.9062552663405,0 -107.447004658581,28.9076249268441,0 -107.44745290999,28.9089720632337,0 -107.448606091363,28.9124374613844,0 -107.447329960423,28.9125411015797,0 -107.444541872258,28.9127675072002,0 -107.438386405539,28.9132671077196,0 -107.436371824536,28.913430570429,0 -107.434272770756,28.9136008368074,0 -107.430543412492,28.9139032817725,0 -107.428179389341,28.9140949551674,0 -107.426199913813,28.9142558217112,0 -107.422017159413,28.9145956603966,0 -107.420050061512,28.9147554422435,0 -107.420264334021,28.9156019338596,0 -107.420732509496,28.917451433337,0 -107.42115629863,28.9191254942452,0 -107.421595494017,28.9208603712495,0 -107.422058951485,28.9226910049328,0 -107.422066394931,28.9227203877428,0 -107.422480405119,28.924355664294,0 -107.424267258578,28.9314126743887,0 -107.424722551489,28.9332106316986,0 -107.4251628417,28.9349492797434,0 -107.425611945357,28.9367226525475,0 -107.426066528701,28.9385176058176,0 -107.426445310066,28.9400131833611,0 -107.428184918241,28.9468811449519,0 -107.428702027401,28.9468781191893,0 -107.432523150969,28.9468557040047,0 -107.432564168806,28.9468554673576,0 -107.433346614369,28.9468508628185,0 -107.433650945167,28.9468490729163,0 -107.434620448607,28.9468433581203,0 -107.43661713378,28.9468315742015,0 -107.436658151095,28.9468313247923,0 -107.438157670173,28.946822459095,0 -107.438529251832,28.946820257033,0 -107.439595359433,28.9468139423894,0 -107.440737476699,28.9468071538451,0 -107.440778504726,28.9468069138866,0 -107.441113215605,28.9468049236936,0 -107.441145147257,28.9468047333744,0 -107.44398264823,28.9467878306595,0 -107.44483159063,28.9467827626954,0 -107.444872608421,28.9467825229519,0 -107.44904638111,28.9467575318156,0 -107.449087398923,28.9467572919143,0 -107.451973616184,28.9467399271809,0 -107.453185742658,28.9467326136334,0 -107.453226760455,28.9467323726908,0 -107.457305046503,28.9467077043251,0 -107.45733341341,28.9497465456535,0 -107.457334265739,28.9498379320228,0 -107.457344973222,28.9509849807757,0 -107.457346436167,28.9511418229374,0 -107.457372624027,28.9539447039362,0 -107.457426328979,28.9603538247561,0 -107.457456789644,28.9639889922913,0 -107.457480671947,28.9668368994311,0 -107.457535589665,28.9733823234084,0 -107.457546863735,28.9747248174188,0 -107.442134871193,28.9750589919282,0 -107.435683041644,28.9751983488715,0 -107.43489913528,28.9752171866898,0 -107.435334494047,28.9771029124507,0 -107.435418906884,28.9774685531518,0 -107.43548119795,28.9777383593969,0 -107.435455878119,28.9778562157372,0 -107.435378524529,28.9782162872386,0 -107.435338884911,28.9784007642372,0 -107.435243898878,28.9788428863329,0 -107.435129226718,28.9793766869404,0 -107.435002437392,28.979966767789,0 -107.434900874648,28.980439549318,0 -107.43474618369,28.9811595779876,0 -107.434657973157,28.981570146,0 -107.434595107603,28.9818627490967,0 -107.433748938735,28.9858010071323,0 -107.433737431542,28.9858545603328,0 -107.433734015772,28.98587045473,0 -107.432800986296,28.9902127645688,0 -107.432374778353,28.9921962011859,0 -107.432359386713,28.9922678060724,0 -107.432251522387,28.992769802251,0 -107.431939922039,28.9942198215401,0 -107.430953506368,28.9988099121753,0 -107.43050385673,28.9987165287455,0 -107.429978267433,28.998907482931,0 -107.429526823514,28.9990871916453,0 -107.428887280905,28.9990980880466,0 -107.428581348701,28.9991498827503,0 -107.428328139884,28.9993247783943,0 -107.427953439562,28.9994308881072,0 -107.427313446086,28.9994313765088,0 -107.426790894308,28.999407159182,0 -107.426195378367,28.9992859367936,0 -107.425448612302,28.9992323665449,0 -107.424981403113,28.9992740512299,0 -107.42438621396,28.9993269350391,0 -107.423805300219,28.9991998024577,0 -107.423157282036,28.9990747270443,0 -107.422781701327,28.9990058159617,0 -107.422301722281,28.9988955475323,0 -107.421949464837,28.998769168145,0 -107.421623562355,28.9987625083524,0 -107.421409090486,28.9988746311065,0 -107.420700963772,28.9991794503708,0 -107.420565130974,28.9995653155218,0 -107.420331639221,28.999807237596,0 -107.41977862272,28.9998858283329,0 -107.419391483816,28.9997448247418,0 -107.419078862067,28.9993872379479,0 -107.418793361507,28.9991291202377,0 -107.418437001272,28.9991115593057,0 -107.417784962191,28.99915713119,0 -107.417372033001,28.9993317195826,0 -107.417085445204,28.9992989348366,0 -107.41684784496,28.9991363565975,0 -107.416322463849,28.9991633934187,0 -107.415564719531,28.9992036702084,0 -107.414825586532,28.9992583518401,0 -107.414205893805,28.9993004576036,0 -107.413941349633,28.9991317808224,0 -107.412835223851,28.999199394385,0 -107.41230808569,29.0005369760921,0 -107.409100859231,29.0002593781542,0 -107.408894187341,29.0009031613929,0 -107.408574852358,29.0018978809046,0 -107.404472928011,29.002332426813,0 -107.402212027932,29.002571891501,0 -107.400512696187,29.0027518521426,0 -107.398323513112,29.0065038143372,0 -107.398159544329,29.0067848132175,0 -107.398133454334,29.0068295226994,0 -107.394192134494,29.0060195095507,0 -107.393876783453,29.0054083495932,0 -107.390938196081,28.9997129200079,0 -107.390909066243,28.9996571783468,0 -107.390316229797,28.9996533517959,0 -107.384951390406,28.9989490577558,0 -107.384215486848,28.9986078439431,0 -107.382525516344,28.9985894968157,0 -107.382014201645,28.998593182457,0 -107.381120372682,28.998472999241,0 -107.380309397724,28.9983963698758,0 -107.379835446938,28.9983307691352,0 -107.379346778485,28.9981179405657,0 -107.379033186639,28.9982612244417,0 -107.378721460022,28.9984487578024,0 -107.378348735597,28.99858660324,0 -107.377909424102,28.9987414180621,0 -107.377439033722,28.9989020125852,0 -107.376634539968,28.9991722375911,0 -107.375930514335,28.9993141745569,0 -107.375145974733,28.9993674635987,0 -107.374287225544,28.9992632059364,0 -107.373376855357,28.9992538875393,0 -107.372282479175,28.9994121749582,0 -107.371561812592,28.9995175562149,0 -107.370814857693,28.9996468780367,0 -107.369856916498,28.9997014256864,0 -107.368970563811,28.9997170571204,0 -107.367969664411,28.9996946978633,0 -107.366856042057,28.9997143211096,0 -107.366401045479,28.999702333014,0 -107.365696507578,28.9997147408534,0 -107.364712213803,28.9996948280386,0 -107.363879282823,28.9995430335074,0 -107.363444471083,28.999220306222,0 -107.362823276195,28.9989475410476,0 -107.362227899816,28.9986273031728,0 -107.362089364935,28.9983941085815,0 -107.361683215215,28.9981650678929,0 -107.361411819528,28.9979810045838,0 -107.344263063081,28.994635671474,0 -107.341229312372,29.007841437906,0 -107.340087199283,29.0132260595974,0 -107.345996359421,29.0143950247987,0 -107.344847419137,29.0176127784365,0 -107.341486659478,29.0176391028729,0 -107.335913521671,29.0162623515299,0 -107.335740160112,29.0177556822198,0 -107.33557234239,29.019152174879,0 -107.335610893303,29.0204576691224,0 -107.335905122137,29.0223051105121,0 -107.336182083529,29.0239964593377,0 -107.337539752316,29.0253936906642,0 -107.338500063022,29.0268267386847,0 -107.338738068131,29.0276607047499,0 -107.339170090456,29.0287361456459,0 -107.339848580893,29.0301229582337,0 -107.340530606463,29.0308392730039,0 -107.341319090479,29.0315044534999,0 -107.34200882107,29.0322551085743,0 -107.342386991015,29.0325698674911,0 -107.343020530118,29.0330963272869,0 -107.344031256924,29.0336654669014,0 -107.344618947979,29.0343739308476,0 -107.345359504088,29.0346447136716,0 -107.346297536682,29.0354535795245,0 -107.347584966656,29.0363393784744,0 -107.348833180394,29.0366780782308,0 -107.348947085227,29.0373687620562,0 -107.34915261589,29.0382844315844,0 -107.349641242064,29.0392245650465,0 -107.350711116726,29.0404538231029,0 -107.351412188458,29.0413304289928,0 -107.351718355851,29.0425296069807,0 -107.35228262019,29.0437713571329,0 -107.353152341531,29.0452301556118,0 -107.353643659897,29.0462973359976,0 -107.353783311286,29.0469952149234,0 -107.355028016272,29.0484139622255,0 -107.3569920309,29.0503648442078,0 -107.356428042628,29.051118420748,0 -107.356449395465,29.0602418077872,0 -107.33341561598,29.0566601726875,0 -107.332425252281,29.0564983064037,0 -107.329190101283,29.0642528253952,0 -107.328380375461,29.0661935271594,0 -107.322350828172,29.080642563437,0 -107.296030439206,29.0768277793808,0 -107.295167772031,29.0766827889145,0 -107.295131178882,29.0766766387892,0 -107.295077588593,29.0766676311848,0 -107.294297932745,29.0765365909027,0 -107.292861237209,29.0762950981265,0 -107.292750680901,29.0762765241058,0 -107.273619105325,29.0730591901726,0 -107.262165140496,29.07113163689,0 -107.26765716383,29.0596521816227,0</coordinates>
</LinearRing>
</outerBoundaryIs>
</Polygon>
</Placemark>
</Document>
</kml>
